camera_matrix:
- - 551.8930053710938
  - 0.0
  - 314.89151528619914
- - 0.0
  - 631.5000610351562
  - 269.7444676101404
- - 0.0
  - 0.0
  - 1.0
dist_coeff:
- - 0.2948088355738304
  - -2.2163435183952727
  - -0.0013361820724847107
  - -0.00038353146409084274
  - 5.500884409679623
rvecs:
- - - -0.27969663872742406
  - - -0.08571206364752793
  - - -0.017825847328312244
- - - -0.45348707375107034
  - - -0.11695767679632287
  - - -0.012892636358204241
- - - -0.48347665869764606
  - - -0.09682977200159246
  - - 0.012352781732358093
- - - 0.3878223768383786
  - - -0.10144223284775819
  - - -0.009175526658977876
- - - 0.31919958495475287
  - - -0.06487616845288811
  - - 0.19439228787041896
- - - 0.18748339204921793
  - - -0.1045310424635633
  - - 0.07390374008161342
- - - 0.19751427520855247
  - - 0.08889347304788141
  - - 0.06433218199987667
- - - 0.17570523416633976
  - - -0.03832683305739784
  - - 0.01842535944564318
- - - 0.20444182817578188
  - - 0.07258874494333073
  - - 0.03805488391665001
- - - 0.5874125046727502
  - - 0.07401793696086167
  - - 0.002787478450664531
- - - 0.0405832334489332
  - - 0.035347074972150845
  - - 0.07422038138477485
- - - 0.10059355023622106
  - - -0.11790948168662321
  - - 0.14793425813803282
tvecs:
- - - -5.331208070954404
  - - -3.297286241324192
  - - 17.149066368384258
- - - -4.5783662835021115
  - - -2.0645714517205396
  - - 18.763136423792137
- - - -3.3996136079965784
  - - -2.041603725285762
  - - 20.4880568819847
- - - -6.482792955468781
  - - -3.00540998549222
  - - 25.350991351110395
- - - -6.731936814493152
  - - -7.651190453431276
  - - 32.20520134526003
- - - -3.4569507582809265
  - - -2.4129843425442847
  - - 18.5437709577919
- - - -2.5771914870856576
  - - -2.947250362187571
  - - 19.442521046361144
- - - -3.1875074907816865
  - - -2.6203105119030874
  - - 24.95676406916021
- - - -1.3973362778646068
  - - -5.127795822996147
  - - 34.21514486465335
- - - -2.7311609851625347
  - - -4.291974155494297
  - - 24.290841468106745
- - - -3.538393173642389
  - - -0.9402832847897319
  - - 24.22397469663255
- - - 0.19896815711356464
  - - -0.6159634444928413
  - - 22.171697573299284
